Students	1500
1	4 17 29 28
2	15 28 6 24
3	27 15 26 24
4	19 8 25 18
5	24 13 4 5
6	5 4 19 24
7	12 16 4 24
8	24 16 21 22
9	12 17 21 14
10	25 22 16 21
11	6 17 18 15
12	28 15 27 21
13	29 8 12 26
14	22 21 28 13
15	9 15 7 30
16	17 6 14 19
17	26 23 6 7
18	13 23 15 6
19	15 19 29 27
20	24 27 30 10
21	28 23 14 15
22	26 30 16 3
23	4 7 29 12
24	1 7 10 26
25	14 22 18 24
26	23 24 11 5
27	13 2 21 15
28	16 3 30 13
29	21 10 26 25
30	16 15 19 1
31	30 27 1 19
32	30 23 3 26
33	24 23 28 15
34	6 7 17 20
35	21 14 17 30
36	10 24 11 21
37	3 7 28 26
38	11 13 28 10
39	19 25 12 15
40	30 16 18 10
41	24 18 16 25
42	12 10 23 25
43	9 18 17 2
44	16 12 3 28
45	24 6 23 13
46	23 17 9 30
47	11 18 22 28
48	13 6 21 15
49	13 5 29 27
50	30 7 19 2
51	25 2 29 19
52	28 27 11 30
53	22 29 21 9
54	2 16 11 6
55	4 25 5 27
56	26 1 12 27
57	20 9 14 15
58	15 27 4 5
59	17 27 30 29
60	3 12 8 26
61	9 15 14 26
62	18 2 9 27
63	4 19 2 6
64	21 14 26 13
65	21 23 8 25
66	14 20 18 10
67	7 16 10 1
68	24 1 15 27
69	21 22 2 10
70	9 24 10 4
71	17 12 6 28
72	21 23 28 16
73	7 12 22 1
74	14 25 6 9
75	20 3 14 25
76	17 4 20 21
77	20 24 2 8
78	22 14 29 2
79	11 2 17 6
80	3 30 28 9
81	18 9 16 30
82	12 20 19 30
83	30 7 22 15
84	8 4 5 9
85	5 4 26 10
86	10 13 17 16
87	23 12 26 10
88	6 27 12 3
89	14 22 18 19
90	1 23 22 16
91	10 5 26 12
92	11 28 1 18
93	20 19 12 11
94	21 16 19 25
95	12 5 2 6
96	21 18 25 13
97	16 15 4 29
98	21 28 25 3
99	5 16 12 21
100	30 23 27 9
101	29 12 2 7
102	15 10 16 22
103	19 14 3 2
104	26 28 30 1
105	2 14 20 24
106	8 28 25 10
107	29 25 27 24
108	20 30 4 18
109	10 18 25 19
110	22 3 5 21
111	26 23 7 15
112	6 19 4 21
113	9 8 10 11
114	19 28 15 26
115	1 23 2 30
116	14 7 11 15
117	13 26 28 1
118	8 11 12 22
119	22 24 4 20
120	5 26 24 12
121	29 13 25 21
122	14 24 13 26
123	3 24 30 6
124	2 20 19 16
125	26 6 16 4
126	19 7 2 18
127	25 7 18 21
128	19 23 22 11
129	27 6 15 14
130	5 21 6 3
131	2 15 6 16
132	14 26 19 12
133	13 10 9 19
134	29 10 11 15
135	15 24 23 6
136	30 16 9 21
137	25 30 6 21
138	16 7 26 5
139	15 25 19 5
140	25 18 14 23
141	24 19 15 7
142	12 20 5 3
143	15 7 11 9
144	6 26 30 9
145	14 7 23 17
146	26 17 16 11
147	22 23 16 30
148	18 24 23 27
149	18 16 17 6
150	17 3 4 6
151	10 4 29 24
152	8 9 13 27
153	11 24 18 9
154	15 16 4 13
155	26 24 30 17
156	28 22 17 30
157	18 25 2 14
158	19 6 29 2
159	21 13 20 24
160	20 5 4 11
161	16 19 11 3
162	17 20 12 29
163	26 4 25 19
164	7 4 6 20
165	14 11 2 12
166	8 15 28 29
167	29 8 7 18
168	4 24 30 9
169	7 2 26 29
170	28 19 24 23
171	3 1 16 13
172	16 29 28 15
173	14 24 5 2
174	5 28 21 10
175	16 5 1 28
176	20 1 4 28
177	1 7 10 12
178	3 9 8 27
179	17 1 14 12
180	23 25 18 19
181	3 13 7 24
182	11 28 15 21
183	29 21 17 14
184	18 4 20 10
185	9 7 5 2
186	26 13 2 25
187	1 7 3 21
188	27 9 8 28
189	29 16 6 1
190	14 21 24 30
191	9 17 4 24
192	9 26 28 11
193	15 12 26 30
194	21 22 16 18
195	19 17 16 22
196	12 11 26 3
197	5 21 2 22
198	26 17 1 14
199	12 10 21 19
200	15 1 12 10
201	16 29 21 27
202	3 2 5 30
203	16 12 18 2
204	29 1 4 24
205	15 29 11 1
206	4 2 12 27
207	21 18 7 28
208	10 20 21 6
209	6 13 4 20
210	2 21 1 11
211	22 4 25 13
212	4 19 22 13
213	6 9 24 12
214	9 28 10 17
215	29 12 25 14
216	13 26 6 22
217	4 30 27 26
218	22 18 27 21
219	22 24 12 20
220	17 18 14 2
221	7 24 18 14
222	25 21 2 22
223	9 7 28 14
224	26 30 8 29
225	26 4 29 25
226	5 15 9 16
227	3 28 2 14
228	18 17 3 10
229	15 28 7 11
230	28 10 9 4
231	15 12 9 30
232	6 5 26 19
233	25 2 1 11
234	23 30 13 29
235	27 13 7 5
236	11 15 19 22
237	5 14 30 19
238	3 10 15 2
239	26 7 16 21
240	25 12 20 3
241	13 18 21 17
242	5 19 24 28
243	11 10 18 9
244	11 26 4 7
245	14 12 27 17
246	10 13 5 3
247	6 27 19 21
248	17 24 28 26
249	6 9 25 23
250	14 18 27 8
251	20 18 3 11
252	9 16 8 1
253	24 1 26 12
254	4 5 25 16
255	9 29 11 30
256	5 9 16 7
257	20 30 27 17
258	20 4 15 28
259	4 14 23 3
260	26 13 22 29
261	27 5 10 6
262	17 14 16 18
263	7 30 2 18
264	17 18 20 21
265	19 28 13 2
266	16 22 24 4
267	20 26 14 8
268	27 23 10 5
269	14 8 19 7
270	27 15 23 11
271	12 4 7 29
272	28 6 19 23
273	17 2 13 3
274	9 28 13 12
275	8 26 7 9
276	5 6 2 3
277	29 20 15 4
278	17 30 8 11
279	27 25 5 8
280	29 15 9 19
281	25 28 4 21
282	1 29 19 12
283	24 15 4 22
284	7 11 18 10
285	15 9 4 28
286	29 2 6 30
287	29 5 23 9
288	3 8 13 20
289	3 26 10 8
290	21 7 18 4
291	30 10 13 25
292	5 1 29 15
293	16 29 25 14
294	23 28 7 13
295	17 23 7 16
296	8 20 19 9
297	16 19 12 5
298	19 3 21 6
299	20 30 10 22
300	8 16 5 26
301	27 4 2 21
302	12 14 4 27
303	26 28 3 20
304	30 26 12 14
305	27 4 29 5
306	29 26 5 14
307	5 21 6 7
308	2 25 8 16
309	2 14 29 10
310	13 8 17 25
311	5 9 24 20
312	5 22 6 11
313	29 1 17 23
314	3 5 13 29
315	16 8 24 3
316	16 24 17 12
317	22 25 5 20
318	26 25 15 12
319	7 2 16 28
320	8 18 17 10
321	16 2 20 23
322	15 10 3 22
323	6 20 29 19
324	5 8 20 9
325	14 4 3 6
326	27 3 9 29
327	30 18 3 22
328	20 10 24 4
329	18 12 20 3
330	30 5 25 17
331	1 16 7 24
332	16 22 1 11
333	1 26 13 25
334	8 28 23 6
335	21 13 8 7
336	19 6 14 26
337	17 14 25 19
338	17 2 4 14
339	2 6 23 15
340	14 13 27 17
341	23 15 8 2
342	9 16 12 29
343	4 11 20 6
344	6 20 7 13
345	4 5 2 30
346	19 29 14 8
347	4 7 16 5
348	15 7 26 11
349	3 25 29 13
350	27 11 1 23
351	24 23 3 8
352	1 10 20 2
353	20 25 1 14
354	14 12 8 19
355	28 11 30 4
356	25 22 28 6
357	8 20 9 10
358	26 1 2 19
359	3 1 30 19
360	2 6 30 16
361	17 16 23 19
362	9 18 25 28
363	3 17 20 9
364	20 2 6 12
365	10 19 12 5
366	8 27 3 18
367	11 30 1 21
368	12 27 13 28
369	29 20 10 6
370	27 20 13 1
371	4 29 28 18
372	25 17 3 18
373	4 18 23 5
374	19 26 20 21
375	17 16 1 2
376	20 29 30 4
377	23 12 1 26
378	22 21 5 26
379	17 22 11 28
380	14 25 19 10
381	11 19 17 24
382	19 7 8 29
383	21 24 22 29
384	2 21 24 28
385	12 14 26 19
386	21 30 26 14
387	29 5 15 24
388	20 23 11 27
389	29 13 3 14
390	26 19 5 16
391	5 30 18 10
392	10 22 12 19
393	9 15 22 1
394	11 23 25 6
395	18 2 13 17
396	25 5 21 9
397	28 21 23 25
398	30 4 10 21
399	4 28 16 23
400	14 5 23 21
401	2 1 27 25
402	12 30 19 3
403	23 17 13 15
404	30 25 18 20
405	13 6 4 7
406	16 26 17 24
407	30 27 13 15
408	4 26 18 28
409	21 20 16 25
410	22 3 29 10
411	14 23 27 3
412	7 14 2 5
413	7 27 3 16
414	28 27 24 22
415	7 13 6 27
416	7 15 18 21
417	9 4 27 22
418	19 30 12 7
419	11 7 30 23
420	26 16 5 21
421	10 5 4 29
422	18 10 21 3
423	15 16 23 28
424	2 27 26 14
425	16 8 2 7
426	29 17 4 1
427	25 27 13 14
428	2 9 1 7
429	19 5 1 29
430	8 17 19 23
431	30 28 10 4
432	22 19 4 15
433	9 15 19 22
434	10 3 21 23
435	18 2 15 4
436	13 8 15 11
437	27 4 25 10
438	24 9 8 12
439	28 6 4 14
440	4 6 29 2
441	23 2 27 24
442	28 30 25 1
443	16 7 30 24
444	27 2 23 22
445	2 25 9 21
446	24 9 10 22
447	17 7 25 27
448	6 25 4 27
449	1 8 27 7
450	23 4 27 22
451	8 17 9 23
452	21 12 16 10
453	13 30 4 3
454	5 4 27 16
455	12 20 1 24
456	9 14 12 26
457	16 4 23 26
458	2 29 24 25
459	11 25 18 6
460	13 9 26 6
461	27 11 20 2
462	29 10 9 2
463	13 9 23 30
464	30 10 18 25
465	5 28 26 21
466	17 23 19 5
467	10 3 25 28
468	12 11 28 14
469	3 1 16 23
470	1 27 14 4
471	20 6 13 11
472	21 28 14 4
473	8 27 29 2
474	20 17 12 5
475	17 11 1 2
476	12 27 25 4
477	27 2 19 21
478	17 25 6 26
479	13 4 3 14
480	5 26 9 18
481	20 24 21 28
482	12 26 11 14
483	13 12 2 29
484	7 18 29 16
485	26 18 20 5
486	3 7 15 5
487	9 7 16 6
488	23 20 3 24
489	28 14 2 29
490	10 1 5 19
491	5 3 6 8
492	21 13 22 4
493	15 13 14 16
494	13 19 25 14
495	17 27 7 16
496	13 6 26 2
497	19 12 5 22
498	16 17 21 18
499	8 15 6 13
500	29 1 26 14
501	15 17 20 5
502	26 24 30 13
503	20 18 25 24
504	28 11 15 2
505	18 19 24 29
506	16 19 22 21
507	22 7 13 3
508	24 7 12 20
509	25 29 6 3
510	2 5 23 9
511	14 20 26 9
512	28 15 29 27
513	9 4 23 22
514	6 24 12 29
515	20 5 28 16
516	21 26 5 1
517	27 6 10 23
518	12 9 20 8
519	8 29 1 9
520	4 3 25 24
521	26 3 29 24
522	19 30 15 20
523	30 12 6 17
524	20 28 21 18
525	1 28 7 14
526	14 12 10 3
527	2 27 30 7
528	17 15 27 24
529	11 15 20 25
530	18 6 12 10
531	15 17 28 16
532	12 23 30 27
533	19 15 13 16
534	27 25 8 9
535	14 29 16 6
536	21 27 23 26
537	29 15 17 24
538	9 29 11 22
539	5 2 29 24
540	15 13 21 26
541	10 20 12 1
542	8 12 3 15
543	5 8 27 10
544	18 12 30 14
545	6 26 1 14
546	20 19 15 8
547	28 5 13 2
548	28 7 23 20
549	18 30 25 19
550	5 19 27 2
551	1 23 27 7
552	9 13 18 11
553	15 6 21 27
554	26 2 30 25
555	17 23 14 18
556	24 2 12 11
557	15 25 12 23
558	25 18 3 14
559	6 16 2 23
560	22 1 23 7
561	23 7 29 11
562	12 20 26 2
563	13 28 25 5
564	20 24 10 28
565	28 14 21 26
566	10 17 15 8
567	24 10 27 30
568	28 6 19 17
569	5 13 19 16
570	13 5 23 21
571	10 2 22 19
572	24 2 27 1
573	15 28 17 19
574	22 1 16 4
575	28 13 19 17
576	4 15 2 25
577	26 14 6 29
578	26 6 24 25
579	1 21 27 5
580	10 23 24 7
581	11 5 27 9
582	16 21 26 18
583	30 27 26 14
584	23 21 20 15
585	14 9 17 23
586	25 1 12 17
587	16 1 6 8
588	13 28 19 27
589	29 5 18 23
590	22 20 9 3
591	6 8 7 28
592	16 24 25 28
593	9 25 24 22
594	9 23 5 10
595	15 11 30 17
596	27 6 7 3
597	7 9 4 11
598	28 12 1 5
599	27 12 18 20
600	7 15 27 4
601	28 25 5 8
602	13 12 24 10
603	14 10 21 23
604	13 10 21 23
605	10 15 22 23
606	21 1 14 20
607	4 3 11 30
608	7 30 5 3
609	27 15 24 2
610	5 28 10 15
611	30 15 19 13
612	7 13 18 3
613	9 17 28 13
614	9 29 7 26
615	5 13 14 3
616	22 12 14 27
617	27 2 3 7
618	12 13 2 8
619	7 4 22 25
620	17 9 21 5
621	26 23 17 30
622	8 22 4 6
623	9 5 2 26
624	7 16 1 17
625	21 19 15 22
626	20 19 15 5
627	7 27 20 6
628	29 12 15 26
629	10 19 16 24
630	4 8 1 13
631	26 20 19 10
632	8 28 11 3
633	1 29 4 8
634	22 14 24 4
635	14 8 6 20
636	24 16 29 5
637	4 19 13 21
638	10 22 4 27
639	30 27 22 9
640	8 10 1 22
641	2 22 20 15
642	11 14 24 9
643	29 2 3 27
644	25 4 28 22
645	9 15 22 20
646	4 25 27 11
647	5 10 1 21
648	5 17 19 20
649	19 21 7 5
650	18 5 20 16
651	18 28 6 21
652	9 18 25 29
653	16 10 30 1
654	12 26 17 14
655	12 9 5 1
656	11 4 7 8
657	27 4 20 19
658	27 20 26 1
659	25 28 8 23
660	3 16 28 27
661	21 18 17 29
662	11 23 28 21
663	30 4 27 6
664	25 11 27 3
665	18 19 13 17
666	29 25 15 23
667	23 8 10 12
668	15 21 30 19
669	2 21 18 3
670	30 28 20 17
671	6 3 8 23
672	12 11 28 4
673	16 29 20 5
674	12 25 16 5
675	27 29 13 18
676	16 13 29 17
677	11 6 9 29
678	2 4 29 15
679	19 12 13 11
680	1 24 9 2
681	20 16 17 4
682	13 9 29 3
683	7 21 19 1
684	6 1 8 23
685	26 20 14 16
686	9 11 18 30
687	1 29 26 5
688	18 12 27 6
689	10 7 27 19
690	17 3 6 9
691	17 25 15 28
692	26 11 28 6
693	6 16 11 12
694	4 21 29 11
695	29 15 18 4
696	16 26 13 28
697	22 14 9 13
698	16 30 3 7
699	11 26 21 13
700	26 3 29 12
701	24 25 5 3
702	9 8 24 20
703	7 20 15 30
704	3 23 18 5
705	20 8 3 22
706	19 23 8 25
707	14 16 15 22
708	11 19 15 8
709	8 14 18 6
710	21 13 10 18
711	24 16 13 11
712	7 24 17 27
713	19 24 11 21
714	14 16 1 21
715	1 7 12 19
716	30 10 27 8
717	17 3 19 28
718	26 4 20 15
719	18 28 23 7
720	23 28 27 29
721	1 16 9 8
722	15 28 23 20
723	16 22 25 30
724	5 11 7 12
725	22 10 2 11
726	12 16 27 4
727	1 8 16 22
728	12 27 25 7
729	11 14 26 4
730	24 17 11 18
731	4 11 12 18
732	14 17 2 29
733	18 10 23 24
734	13 1 6 7
735	5 22 16 19
736	24 30 9 29
737	22 30 1 27
738	26 5 24 11
739	12 3 6 17
740	26 2 1 30
741	5 2 9 21
742	23 3 6 26
743	6 3 28 10
744	19 26 11 16
745	11 20 2 17
746	19 22 14 6
747	25 6 23 19
748	7 27 3 13
749	3 30 15 22
750	28 13 4 1
751	22 29 15 21
752	16 10 14 26
753	9 30 8 19
754	24 29 14 2
755	13 18 11 23
756	8 3 14 24
757	3 6 15 22
758	4 3 20 13
759	16 26 30 3
760	14 28 4 25
761	23 29 11 20
762	28 5 24 11
763	2 6 3 17
764	23 14 7 13
765	25 15 1 9
766	22 18 21 3
767	13 26 5 8
768	28 9 3 16
769	24 12 3 30
770	27 22 12 7
771	12 5 1 22
772	25 13 30 21
773	30 18 17 22
774	18 1 10 6
775	7 5 2 25
776	30 7 24 16
777	12 2 18 22
778	22 5 30 2
779	24 22 27 2
780	17 28 16 12
781	18 9 26 13
782	9 11 20 23
783	9 25 19 21
784	11 29 25 15
785	16 19 13 3
786	17 16 23 30
787	21 7 4 22
788	30 22 28 17
789	18 23 25 27
790	11 7 19 25
791	14 1 17 8
792	13 23 5 12
793	4 19 8 22
794	11 13 23 30
795	10 13 28 26
796	14 29 11 6
797	5 18 15 13
798	24 20 26 17
799	8 17 16 5
800	9 3 14 5
801	24 3 22 17
802	20 23 27 11
803	29 8 3 21
804	8 22 3 9
805	13 1 8 15
806	29 30 10 15
807	10 25 14 21
808	23 13 3 25
809	12 23 6 2
810	28 24 29 7
811	21 26 15 16
812	9 15 6 7
813	19 17 26 12
814	14 26 18 29
815	4 1 26 5
816	18 21 4 23
817	30 24 27 13
818	6 15 22 5
819	12 10 28 11
820	4 19 25 22
821	25 11 30 28
822	16 22 25 23
823	23 6 13 21
824	27 21 24 5
825	18 29 22 23
826	19 23 28 16
827	21 8 3 5
828	25 7 9 21
829	9 4 3 8
830	27 12 29 28
831	1 15 21 6
832	24 30 28 14
833	28 29 25 6
834	14 17 7 25
835	8 24 10 12
836	18 7 6 12
837	10 16 13 25
838	30 29 24 14
839	4 15 10 16
840	20 3 15 17
841	26 2 17 15
842	11 27 22 18
843	30 13 18 2
844	13 1 14 10
845	1 19 15 10
846	21 28 27 16
847	20 5 15 18
848	4 21 30 29
849	27 5 16 3
850	10 12 3 1
851	11 13 5 18
852	22 2 15 13
853	9 28 4 11
854	25 14 1 17
855	26 18 16 22
856	11 16 6 26
857	3 2 5 28
858	23 12 27 9
859	25 21 24 22
860	1 6 4 27
861	8 5 23 28
862	28 13 19 1
863	30 26 14 28
864	20 17 18 15
865	13 2 26 12
866	11 30 9 13
867	1 29 25 26
868	11 21 18 9
869	22 19 3 13
870	21 14 26 9
871	11 1 26 13
872	25 17 9 30
873	7 28 6 4
874	7 16 3 25
875	27 4 9 6
876	13 11 3 17
877	24 23 22 1
878	27 8 21 16
879	17 4 23 27
880	10 9 7 27
881	24 7 19 5
882	2 26 3 14
883	15 26 11 23
884	27 11 4 22
885	5 19 27 9
886	23 25 21 28
887	20 12 15 26
888	14 2 6 7
889	21 24 15 8
890	25 18 3 12
891	24 20 7 3
892	23 14 6 5
893	28 5 29 30
894	8 18 16 10
895	1 9 15 30
896	7 29 30 12
897	4 5 16 12
898	9 3 13 15
899	14 12 23 3
900	21 9 23 24
901	19 14 28 26
902	5 25 3 19
903	21 1 15 22
904	8 23 10 26
905	5 1 16 8
906	7 3 6 26
907	8 12 3 1
908	18 11 30 7
909	29 1 8 6
910	26 8 16 13
911	19 1 7 25
912	3 11 9 18
913	15 22 9 13
914	21 9 27 26
915	9 11 27 24
916	5 1 20 25
917	15 13 29 9
918	26 8 22 9
919	5 29 23 1
920	16 30 2 5
921	4 28 13 16
922	13 2 8 20
923	21 15 26 3
924	15 2 22 13
925	11 17 15 30
926	26 27 22 3
927	13 1 17 23
928	25 5 4 24
929	4 22 8 30
930	23 3 13 8
931	9 16 21 29
932	9 30 29 11
933	11 6 4 16
934	22 23 25 13
935	28 24 9 12
936	5 13 7 21
937	2 17 21 15
938	3 23 15 16
939	30 5 20 15
940	13 14 21 10
941	8 3 30 18
942	27 5 24 22
943	8 24 7 20
944	1 2 15 5
945	12 3 9 2
946	15 29 1 26
947	20 15 26 28
948	21 8 7 30
949	18 14 5 17
950	29 15 14 6
951	27 29 9 18
952	3 4 9 5
953	29 30 16 4
954	9 19 24 5
955	11 7 28 6
956	7 12 10 3
957	23 16 18 22
958	1 22 9 12
959	17 16 9 27
960	18 29 13 30
961	6 13 20 15
962	22 14 13 12
963	23 18 5 10
964	21 15 13 29
965	18 24 21 26
966	15 10 19 7
967	20 15 5 13
968	6 9 29 1
969	4 6 12 25
970	11 23 6 20
971	18 22 24 28
972	20 29 4 5
973	30 27 13 5
974	30 19 4 28
975	22 11 1 2
976	14 8 13 1
977	20 27 10 15
978	23 22 27 5
979	28 17 14 12
980	9 17 19 1
981	18 30 24 12
982	11 26 20 5
983	26 21 7 27
984	3 28 17 25
985	8 29 12 4
986	18 24 7 26
987	30 13 1 27
988	15 9 1 3
989	27 25 1 6
990	19 15 8 28
991	20 24 10 13
992	12 11 1 23
993	12 17 23 26
994	5 10 7 12
995	3 2 12 26
996	26 25 10 3
997	19 23 28 24
998	26 29 12 22
999	23 10 14 7
1000	30 15 20 4
1001	23 1 14 17
1002	6 12 26 5
1003	23 26 11 25
1004	29 15 9 3
1005	21 28 20 1
1006	6 4 3 12
1007	9 23 12 21
1008	24 9 18 6
1009	27 19 10 3
1010	4 25 9 3
1011	28 10 18 21
1012	1 24 17 2
1013	27 21 26 29
1014	19 24 4 6
1015	23 25 6 28
1016	1 25 18 26
1017	6 21 28 9
1018	28 24 9 22
1019	8 4 25 23
1020	1 18 22 16
1021	4 21 3 13
1022	9 20 10 13
1023	14 9 21 15
1024	6 29 5 22
1025	22 9 18 8
1026	7 16 26 25
1027	17 30 25 7
1028	25 19 27 5
1029	27 2 16 12
1030	22 26 21 24
1031	2 6 18 21
1032	23 20 25 14
1033	21 3 22 4
1034	2 20 24 14
1035	25 29 26 10
1036	2 23 6 18
1037	18 28 21 6
1038	30 24 23 20
1039	27 28 25 19
1040	26 19 6 3
1041	2 10 18 27
1042	10 13 29 8
1043	28 8 12 27
1044	13 14 27 22
1045	19 18 12 23
1046	17 23 27 7
1047	30 29 15 5
1048	29 7 16 24
1049	17 30 7 15
1050	11 10 30 29
1051	5 19 16 30
1052	27 8 22 23
1053	23 21 28 22
1054	5 11 30 1
1055	16 4 3 15
1056	10 16 28 11
1057	10 27 7 21
1058	14 4 3 24
1059	14 27 19 22
1060	4 27 20 3
1061	2 26 12 8
1062	6 15 20 12
1063	11 24 25 22
1064	24 26 22 12
1065	20 22 21 18
1066	13 17 23 16
1067	21 7 1 9
1068	26 16 28 2
1069	17 5 14 29
1070	30 9 6 12
1071	24 5 26 30
1072	14 24 20 17
1073	25 26 15 4
1074	15 20 5 8
1075	4 7 16 12
1076	21 29 23 20
1077	16 28 26 1
1078	30 8 22 9
1079	18 1 5 20
1080	26 25 10 27
1081	24 21 15 22
1082	23 21 17 4
1083	11 21 18 6
1084	20 9 25 19
1085	29 19 20 15
1086	1 18 30 4
1087	27 11 1 23
1088	27 17 23 5
1089	27 29 1 30
1090	15 29 8 16
1091	7 1 13 8
1092	15 20 14 23
1093	17 25 18 16
1094	6 3 21 22
1095	25 18 22 9
1096	28 12 11 13
1097	13 21 24 14
1098	30 24 14 7
1099	20 3 13 29
1100	29 12 11 25
1101	15 9 7 17
1102	18 5 15 9
1103	29 6 15 23
1104	26 18 12 6
1105	5 18 15 9
1106	10 21 11 28
1107	15 4 2 29
1108	5 9 30 4
1109	10 21 7 24
1110	27 7 17 9
1111	5 16 2 12
1112	29 16 19 26
1113	27 25 18 20
1114	1 7 16 14
1115	6 18 11 23
1116	2 16 25 14
1117	13 1 28 30
1118	22 29 2 18
1119	3 25 2 30
1120	10 9 18 29
1121	15 7 26 18
1122	19 20 28 22
1123	25 27 18 30
1124	15 9 21 17
1125	8 2 12 24
1126	22 28 6 25
1127	16 8 15 6
1128	10 4 16 28
1129	10 14 29 15
1130	24 29 9 8
1131	26 21 24 7
1132	22 27 5 4
1133	26 19 10 6
1134	15 20 23 29
1135	11 22 13 2
1136	1 12 29 11
1137	19 23 13 12
1138	19 2 24 13
1139	9 28 16 22
1140	18 21 1 23
1141	22 11 15 8
1142	13 20 23 8
1143	1 3 13 6
1144	18 10 9 16
1145	29 30 21 11
1146	13 15 20 28
1147	18 25 23 12
1148	7 11 10 21
1149	25 12 19 23
1150	28 24 11 3
1151	3 4 11 7
1152	13 18 1 4
1153	14 15 2 16
1154	8 22 10 20
1155	14 27 5 19
1156	6 21 15 10
1157	13 6 20 3
1158	7 21 11 2
1159	22 23 5 29
1160	29 1 16 11
1161	8 21 9 28
1162	30 11 17 7
1163	18 25 17 8
1164	17 3 6 23
1165	14 25 2 15
1166	2 12 30 1
1167	16 26 13 2
1168	21 12 9 25
1169	15 20 4 5
1170	18 24 12 21
1171	12 4 23 7
1172	20 18 27 25
1173	27 7 26 8
1174	10 29 15 19
1175	14 13 25 11
1176	14 8 20 12
1177	6 13 24 2
1178	18 28 19 1
1179	27 22 28 30
1180	5 11 15 18
1181	6 17 8 13
1182	1 25 8 16
1183	28 3 5 21
1184	6 23 29 18
1185	16 8 18 9
1186	6 9 30 18
1187	19 4 2 18
1188	17 26 7 27
1189	20 18 2 26
1190	27 23 1 2
1191	16 29 25 9
1192	10 14 9 30
1193	29 6 4 11
1194	23 14 9 30
1195	11 23 29 26
1196	19 6 18 3
1197	2 13 16 14
1198	9 2 8 13
1199	21 11 18 2
1200	24 20 28 1
1201	21 23 29 1
1202	4 14 9 5
1203	9 24 1 18
1204	16 28 19 7
1205	22 28 5 2
1206	3 19 5 24
1207	2 19 24 10
1208	26 23 12 15
1209	27 26 10 25
1210	27 9 12 10
1211	3 6 17 25
1212	19 8 10 28
1213	4 3 1 16
1214	15 7 20 26
1215	11 23 10 3
1216	5 4 3 19
1217	11 19 30 22
1218	11 6 27 15
1219	1 17 12 30
1220	10 5 18 27
1221	8 6 2 16
1222	24 27 13 1
1223	27 16 26 3
1224	30 28 1 11
1225	29 18 27 10
1226	25 11 8 12
1227	30 17 20 1
1228	7 19 8 10
1229	16 29 10 12
1230	19 13 22 4
1231	5 24 28 4
1232	23 28 19 29
1233	6 13 14 19
1234	23 17 18 1
1235	2 11 13 5
1236	28 23 5 6
1237	10 18 20 17
1238	3 15 25 23
1239	30 8 28 2
1240	3 17 27 4
1241	24 4 11 1
1242	19 2 7 5
1243	8 7 14 16
1244	15 3 18 2
1245	11 4 21 2
1246	25 12 14 7
1247	1 2 14 24
1248	27 26 24 13
1249	29 13 9 20
1250	13 21 29 1
1251	27 11 14 8
1252	12 21 1 7
1253	14 25 27 11
1254	10 17 29 28
1255	7 4 13 15
1256	9 17 2 4
1257	10 19 15 17
1258	9 4 6 8
1259	10 14 28 30
1260	27 2 23 22
1261	29 19 26 20
1262	4 16 2 21
1263	6 27 20 9
1264	17 26 24 2
1265	1 10 29 21
1266	1 2 9 13
1267	8 12 24 17
1268	7 12 18 23
1269	27 18 11 21
1270	2 18 16 20
1271	29 12 10 4
1272	10 5 22 2
1273	25 4 18 12
1274	30 14 19 7
1275	22 2 23 18
1276	10 3 27 14
1277	7 30 10 25
1278	19 29 18 28
1279	6 24 13 29
1280	15 20 14 9
1281	2 24 23 9
1282	8 20 9 11
1283	10 9 24 28
1284	21 18 22 23
1285	7 28 15 30
1286	3 20 4 24
1287	13 28 29 25
1288	7 13 28 18
1289	6 21 5 11
1290	5 24 3 29
1291	13 12 11 28
1292	1 25 22 19
1293	23 13 5 17
1294	10 12 30 17
1295	22 13 10 18
1296	26 1 14 17
1297	4 27 2 14
1298	19 18 23 29
1299	12 16 9 20
1300	6 2 1 8
1301	6 25 27 1
1302	7 18 4 14
1303	30 27 15 25
1304	6 9 8 20
1305	21 23 10 15
1306	20 3 10 22
1307	26 24 25 28
1308	23 15 4 30
1309	22 26 25 15
1310	20 23 30 27
1311	17 6 26 28
1312	4 6 19 3
1313	27 28 21 30
1314	6 4 18 1
1315	6 27 5 28
1316	4 5 25 11
1317	25 17 6 18
1318	12 28 19 2
1319	22 12 2 8
1320	11 29 9 18
1321	5 29 28 3
1322	12 22 23 7
1323	23 18 8 11
1324	24 16 8 5
1325	18 20 10 11
1326	16 17 14 29
1327	25 8 27 29
1328	7 14 11 16
1329	17 23 7 16
1330	25 14 24 23
1331	24 15 2 22
1332	23 12 3 22
1333	4 25 6 24
1334	1 14 13 5
1335	11 25 29 3
1336	25 2 16 21
1337	6 10 25 7
1338	21 17 3 24
1339	14 5 24 28
1340	15 14 5 24
1341	16 28 7 26
1342	7 10 30 8
1343	21 26 29 28
1344	6 1 5 11
1345	5 26 11 28
1346	1 21 28 7
1347	22 7 27 28
1348	13 21 5 15
1349	3 18 27 11
1350	15 27 12 18
1351	20 12 14 24
1352	9 16 1 5
1353	25 5 3 2
1354	8 24 30 19
1355	9 3 21 2
1356	21 20 7 24
1357	7 25 30 10
1358	9 22 4 8
1359	27 9 24 28
1360	13 7 28 11
1361	21 28 8 3
1362	1 17 19 14
1363	2 11 9 21
1364	18 19 21 15
1365	10 8 4 2
1366	21 25 15 7
1367	14 27 16 20
1368	17 1 27 7
1369	30 8 15 25
1370	2 13 1 15
1371	27 14 1 10
1372	30 3 1 19
1373	5 1 6 20
1374	11 6 25 29
1375	13 5 23 25
1376	13 21 27 17
1377	29 24 3 1
1378	23 12 11 5
1379	5 21 29 25
1380	17 24 27 30
1381	1 21 28 12
1382	3 30 9 24
1383	26 8 29 1
1384	30 7 8 29
1385	3 7 9 10
1386	23 26 24 3
1387	12 15 1 25
1388	3 10 30 17
1389	9 11 14 17
1390	17 11 22 26
1391	30 27 17 4
1392	19 15 10 27
1393	8 20 3 19
1394	11 15 9 7
1395	14 4 20 18
1396	23 26 20 21
1397	29 22 9 27
1398	3 17 2 6
1399	10 2 11 17
1400	14 24 5 3
1401	16 18 11 8
1402	1 14 23 30
1403	7 14 4 6
1404	10 21 26 11
1405	25 5 11 2
1406	13 19 27 5
1407	14 2 19 16
1408	29 6 5 22
1409	10 20 4 13
1410	20 16 27 7
1411	19 22 6 3
1412	23 21 22 3
1413	14 25 6 24
1414	17 1 24 5
1415	19 8 11 27
1416	11 19 2 29
1417	13 30 10 16
1418	9 2 18 15
1419	1 23 9 30
1420	25 23 10 24
1421	16 28 9 2
1422	16 12 25 9
1423	20 24 21 29
1424	20 25 11 10
1425	18 26 1 8
1426	10 26 29 16
1427	22 2 24 28
1428	11 21 26 10
1429	24 25 5 4
1430	1 22 8 2
1431	26 17 23 6
1432	5 11 12 17
1433	10 19 3 20
1434	20 10 24 23
1435	3 12 11 22
1436	1 22 7 14
1437	20 3 28 4
1438	23 27 17 12
1439	18 8 21 16
1440	23 26 15 18
1441	28 3 13 7
1442	20 1 5 29
1443	21 14 5 4
1444	12 7 8 16
1445	10 28 7 1
1446	23 12 22 4
1447	20 15 11 29
1448	20 30 18 9
1449	24 18 9 21
1450	14 22 29 7
1451	29 24 25 22
1452	3 11 25 26
1453	1 30 9 8
1454	13 8 23 1
1455	18 3 28 24
1456	12 16 30 8
1457	23 26 3 6
1458	1 21 13 11
1459	17 14 1 20
1460	13 29 25 10
1461	19 24 29 17
1462	6 8 11 19
1463	19 23 3 30
1464	9 24 7 10
1465	27 5 10 24
1466	28 30 20 27
1467	7 9 6 20
1468	28 27 21 24
1469	12 29 28 11
1470	29 25 18 19
1471	2 18 13 16
1472	22 20 12 8
1473	15 11 19 26
1474	21 9 5 26
1475	3 8 16 19
1476	16 30 19 22
1477	3 12 30 14
1478	26 24 8 4
1479	16 5 7 27
1480	3 20 22 4
1481	20 23 9 30
1482	12 1 24 28
1483	8 24 23 26
1484	22 18 2 15
1485	27 16 11 20
1486	15 17 11 25
1487	5 28 9 10
1488	2 28 16 14
1489	21 8 27 20
1490	15 21 7 16
1491	11 10 14 20
1492	30 23 8 28
1493	30 21 1 26
1494	17 5 30 25
1495	30 29 17 9
1496	12 26 5 28
1497	8 13 22 7
1498	18 3 17 21
1499	6 22 13 27
1500	20 7 15 16
